{
 "Alloc": 1045376,
 "BuckHashSys": 10664,
 "CPUutilization1": 0.7751937984496124,
 "CPUutilization10": 0.78125,
 "CPUutilization11": 0,
 "CPUutilization12": 0.78125,
 "CPUutilization13": 9.375,
 "CPUutilization14": 6.25,
 "CPUutilization15": 8.59375,
 "CPUutilization16": 8.527131782945736,
 "CPUutilization17": 5.46875,
 "CPUutilization18": 7.8125,
 "CPUutilization19": 9.375,
 "CPUutilization2": 0,
 "CPUutilization20": 7.8125,
 "CPUutilization3": 3.875968992248062,
 "CPUutilization4": 0.7751937984496124,
 "CPUutilization5": 11.71875,
 "CPUutilization6": 0.78125,
 "CPUutilization7": 7.03125,
 "CPUutilization8": 0,
 "CPUutilization9": 5.384615384615385,
 "FreeMemory": 7099981824,
 "Frees": 276,
 "GCCPUFraction": 0,
 "GCSys": 1743088,
 "HeapAlloc": 1045376,
 "HeapIdle": 2375680,
 "HeapInuse": 1794048,
 "HeapObjects": 2690,
 "HeapReleased": 2179072,
 "HeapSys": 3997696,
 "LastGC": 0,
 "Lookups": 0,
 "MCacheInuse": 23360,
 "MCacheSys": 32704,
 "MSpanInuse": 55840,
 "MSpanSys": 48960,
 "Mallocs": 2966,
 "NextGC": 4194304,
 "NumForcedGC": 0,
 "NumGC": 0,
 "OtherSys": 790184,
 "PauseTotalNs": 0,
 "RandomValue": 0.168575585473338,
 "StackInuse": 196608,
 "StackSys": 196608,
 "Sys": 6574080,
 "TotalAlloc": 1045376,
 "TotalMemory": 16870006784
}{
 "PollCount": 5
}